0 0.8770491803278688 0.5724815724815725 0.2459016393442623 0.18181818181818182
0 0.7114754098360656 0.7014742014742015 0.10819672131147541 0.10565110565110565
0 0.8221311475409836 0.6842751842751843 0.08688524590163935 0.04176904176904177
0 0.7442622950819672 0.8083538083538083 0.07540983606557378 0.08353808353808354
0 0.809016393442623 0.753071253071253 0.05081967213114754 0.07125307125307125
0 0.8622950819672132 0.7395577395577395 0.039344262295081964 0.029484029484029485
0 0.5754098360655737 0.8918918918918919 0.05573770491803279 0.08353808353808354
0 0.6434426229508197 0.8894348894348895 0.07049180327868852 0.05405405405405405
0 0.4680327868852459 0.9742014742014742 0.06721311475409836 0.04176904176904177
0 0.04344262295081967 0.8243243243243243 0.05081967213114754 0.11547911547911548
0 0.05327868852459016 0.9348894348894349 0.06393442622950819 0.06633906633906633
0 0.18278688524590164 0.9754299754299754 0.20163934426229507 0.04914004914004914
0 0.369672131147541 0.9127764127764127 0.12622950819672132 0.07125307125307125
0 0.1885245901639344 0.8402948402948403 0.08852459016393442 0.15233415233415232
0 0.30655737704918035 0.8488943488943489 0.1377049180327869 0.1941031941031941
0 0.41065573770491803 0.7874692874692875 0.060655737704918035 0.09582309582309582
0 0.5237704918032787 0.8194103194103194 0.07049180327868852 0.07616707616707616
0 0.5811475409836065 0.7088452088452089 0.1360655737704918 0.06633906633906633
0 0.6008196721311475 0.7886977886977887 0.06393442622950819 0.09336609336609336
0 0.2155737704918033 0.6646191646191646 0.027868852459016394 0.04176904176904177
