0 0.363 0.9100449775112444 0.11 0.095952023988006
0 0.232 0.9700149925037481 0.14 0.05997001499250375
0 0.47100000000000003 0.9025487256371814 0.106 0.1169415292353823
0 0.608 0.8868065967016492 0.14 0.10944527736131934
0 0.8270000000000001 0.8703148425787106 0.13 0.09745127436281859
0 0.614 0.7106446776611693 0.156 0.11094452773613193
0 0.712 0.7923538230884557 0.10400000000000001 0.08245877061469264
0 0.382 0.7901049475262368 0.128 0.1169415292353823
0 0.179 0.7871064467766117 0.14200000000000002 0.11094452773613193
0 0.225 0.6956521739130435 0.14200000000000002 0.08695652173913043
0 0.367 0.6544227886056971 0.11800000000000001 0.08545727136431784
0 0.455 0.7196401799100449 0.11800000000000001 0.07496251874062969
0 0.624 0.6334332833583208 0.10400000000000001 0.07346326836581708
0 0.72 0.6304347826086957 0.07200000000000001 0.07946026986506746
0 0.804 0.623688155922039 0.068 0.05697151424287856
0 0.896 0.6664167916041979 0.076 0.05547226386806597
0 0.921 0.5974512743628185 0.066 0.08245877061469264
0 0.809 0.4992503748125937 0.166 0.1409295352323838
0 0.977 0.5359820089955022 0.046 0.06746626686656672
0 0.924 0.3793103448275862 0.152 0.095952023988006
0 0.049 0.527736131934033 0.08600000000000001 0.1199400299850075
0 0.097 0.6199400299850075 0.19 0.07946026986506746
0 0.177 0.5502248875562219 0.09 0.07196401799100449
0 0.232 0.39730134932533734 0.112 0.07196401799100449
0 0.26 0.4790104947526237 0.116 0.07346326836581708
0 0.361 0.3950524737631184 0.14200000000000002 0.10644677661169415
0 0.516 0.3755622188905547 0.128 0.08845577211394302
0 0.396 0.5029985007496252 0.092 0.06746626686656672
0 0.607 0.5269865067466266 0.178 0.10344827586206896
0 0.076 0.27061469265367316 0.084 0.04947526236881559
0 0.334 0.26311844077961016 0.088 0.05547226386806597
0 0.41100000000000003 0.3088455772113943 0.11 0.050974512743628186
0 0.7020000000000001 0.2661169415292354 0.112 0.06746626686656672
0 0.8190000000000001 0.2353823088455772 0.08600000000000001 0.06596701649175413
0 0.98 0.17991004497751123 0.04 0.06896551724137931
0 0.965 0.0937031484257871 0.07 0.05547226386806597
0 0.87 0.09895052473763118 0.108 0.07196401799100449
0 0.8160000000000001 0.15592203898050974 0.188 0.06896551724137931
0 0.5680000000000001 0.17616191904047976 0.096 0.05547226386806597
0 0.562 0.09970014992503748 0.116 0.05247376311844078
0 0.097 0.16716641679160418 0.186 0.07946026986506746
0 0.26 0.17991004497751123 0.08 0.06296851574212893
0 0.209 0.10719640179910045 0.106 0.10044977511244378
0 0.391 0.10794602698650674 0.094 0.07196401799100449
0 0.403 0.17691154422788605 0.08600000000000001 0.05397301349325337
0 0.492 0.15667166416791603 0.064 0.07946026986506746
