0 0.04071428571428572 0.8631790744466802 0.07857142857142857 0.261569416498994
0 0.10928571428571429 0.5221327967806841 0.09285714285714286 0.9195171026156942
0 0.19214285714285714 0.7062374245472838 0.07 0.5875251509054327
0 0.265 0.8571428571428572 0.08428571428571428 0.28571428571428575
0 0.31785714285714284 0.591549295774648 0.10714285714285714 0.8169014084507042
0 0.40785714285714286 0.5281690140845071 0.14714285714285713 0.9356136820925555
0 0.5285714285714286 0.5442655935613683 0.09714285714285714 0.9114688128772637
0 0.6421428571428571 0.5301810865191148 0.11571428571428571 0.9396378269617707
0 0.7121428571428572 0.5533199195171027 0.055714285714285716 0.8933601609657948
0 0.8257142857142857 0.7223340040241449 0.12857142857142856 0.5553319919517103
0 0.9292857142857143 0.5382293762575453 0.14142857142857143 0.9235412474849095
