0 0.485 0.5285714285714286 0.5585714285714286 0.7980952380952381
0 0.8407142857142857 0.58 0.13285714285714287 0.18857142857142858
0 0.9207142857142857 0.8952380952380953 0.15857142857142856 0.2019047619047619
0 0.7878571428571428 0.9533333333333334 0.08428571428571428 0.08571428571428572
0 0.8707142857142857 0.42 0.2557142857142857 0.21904761904761905
0 0.945 0.1980952380952381 0.11 0.13714285714285715
0 0.395 0.08285714285714285 0.15285714285714286 0.1619047619047619
0 0.14714285714285713 0.029523809523809525 0.13142857142857142 0.05523809523809524
0 0.03642857142857143 0.029523809523809525 0.07 0.05523809523809524
0 0.039285714285714285 0.25523809523809526 0.07571428571428572 0.16
0 0.16285714285714287 0.4095238095238095 0.09714285714285714 0.14095238095238094
0 0.10071428571428571 0.5133333333333333 0.1757142857142857 0.16952380952380952
0 0.02642857142857143 0.64 0.05 0.14476190476190476
0 0.17285714285714285 0.8676190476190476 0.22 0.2419047619047619
