0 0.08281250000000001 0.23943661971830987 0.14375000000000002 0.14084507042253522
0 0.109375 0.5176056338028169 0.153125 0.24178403755868544
0 0.17578125 0.8262910798122066 0.15781250000000002 0.24413145539906103
0 0.31484375000000003 0.8204225352112676 0.0578125 0.07746478873239437
0 0.42734375 0.8732394366197184 0.051562500000000004 0.08450704225352113
0 0.08359375000000001 0.03990610328638498 0.0234375 0.07511737089201878
0 0.07890625000000001 0.13732394366197184 0.035937500000000004 0.04460093896713615
0 0.284375 0.07629107981220658 0.05625 0.09154929577464789
0 0.3046875 0.16549295774647887 0.040625 0.08215962441314555
0 0.33046875000000003 0.26760563380281693 0.0328125 0.07511737089201878
0 0.37343750000000003 0.36971830985915494 0.109375 0.1431924882629108
0 0.35781250000000003 0.4765258215962441 0.05 0.06572769953051644
0 0.43046875 0.6349765258215962 0.1390625 0.34507042253521125
0 0.4421875 0.17253521126760563 0.12187500000000001 0.3403755868544601
0 0.721875 0.5434272300469484 0.15000000000000002 0.284037558685446
0 0.8109375000000001 0.2323943661971831 0.21875 0.35211267605633806
