0 0.42583333333333334 0.4936974789915966 0.8450000000000001 0.47478991596638653
0 0.8266666666666668 0.8340336134453781 0.14666666666666667 0.19327731092436973
0 0.5058333333333334 0.8855042016806722 0.06833333333333334 0.11554621848739495
0 0.5308333333333334 0.6922268907563025 0.065 0.10294117647058823
0 0.5641666666666667 0.14705882352941177 0.265 0.2689075630252101
0 0.33333333333333337 0.2111344537815126 0.16666666666666669 0.12815126050420167
0 0.09250000000000001 0.20063025210084032 0.18166666666666667 0.39705882352941174
0 0.27416666666666667 0.06407563025210083 0.17500000000000002 0.12394957983193276
0 0.9033333333333334 0.03361344537815126 0.04 0.06302521008403361
0 0.9875 0.05042016806722689 0.025 0.06722689075630252
0 0.9325000000000001 0.1565126050420168 0.135 0.10714285714285714
0 0.9425000000000001 0.25630252100840334 0.115 0.07563025210084033
0 0.9216666666666667 0.43277310924369744 0.15666666666666668 0.25210084033613445
0 0.9233333333333333 0.6386554621848739 0.15333333333333335 0.21008403361344538
