0 0.16885245901639345 0.42471910112359557 0.17049180327868851 0.4629213483146068
0 0.35655737704918034 0.33932584269662924 0.2081967213114754 0.6247191011235955
0 0.5704918032786885 0.3415730337078652 0.2098360655737705 0.6337078651685394
0 0.7385245901639345 0.3438202247191012 0.11639344262295082 0.6382022471910113
0 0.8557377049180328 0.3764044943820225 0.10819672131147541 0.5730337078651686
0 0.10081967213114754 0.7898876404494383 0.08032786885245902 0.25842696629213485
0 0.2 0.8134831460674158 0.11475409836065574 0.3101123595505618
0 0.3319672131147541 0.8247191011235956 0.1360655737704918 0.31910112359550563
0 0.45737704918032784 0.8235955056179776 0.10491803278688525 0.33033707865168543
0 0.5811475409836065 0.8258426966292135 0.12950819672131147 0.3168539325842697
0 0.7 0.8280898876404496 0.10163934426229508 0.3258426966292135
0 0.8147540983606557 0.8247191011235956 0.11475409836065574 0.3101123595505618
0 0.9311475409836065 0.8112359550561798 0.10163934426229508 0.27415730337078653
