0 0.5642750373692078 0.7136363636363636 0.17638266068759342 0.23506493506493506
0 0.08482810164424515 0.2564935064935065 0.1681614349775785 0.487012987012987
0 0.2055306427503737 0.7402597402597403 0.08520179372197309 0.17402597402597403
0 0.06352765321375187 0.9064935064935065 0.05979073243647235 0.18441558441558442
0 0.043348281016442454 0.6655844155844156 0.08520179372197309 0.17272727272727273
0 0.2858744394618834 0.3474025974025974 0.06502242152466368 0.08181818181818182
0 0.33968609865470856 0.462987012987013 0.1038863976083707 0.15454545454545454
0 0.359865470852018 0.11818181818181818 0.08146487294469358 0.09610389610389611
0 0.3875186846038864 0.04285714285714286 0.07698056801195816 0.08311688311688312
0 0.5609118086696562 0.4668831168831169 0.07698056801195816 0.2532467532467532
0 0.5198056801195815 0.20714285714285716 0.06502242152466368 0.18571428571428572
0 0.5896860986547086 0.24155844155844156 0.028400597907324365 0.2051948051948052
0 0.656203288490284 0.2753246753246753 0.09715994020926756 0.2727272727272727
0 0.7387892376681615 0.24545454545454545 0.06352765321375187 0.2519480519480519
0 0.8157698056801196 0.5097402597402597 0.11285500747384156 0.18051948051948052
0 0.9502989536621824 0.825974025974026 0.09790732436472348 0.15064935064935064
0 0.7955904334828102 0.7941558441558442 0.12780269058295965 0.2038961038961039
0 0.9656203288490285 0.4915584415584416 0.06875934230194321 0.14415584415584415
0 0.891255605381166 0.35844155844155845 0.10837070254110613 0.14545454545454545
0 0.9656203288490285 0.15194805194805194 0.06875934230194321 0.2
0 0.7985799701046338 0.07142857142857142 0.1038863976083707 0.13766233766233765
0 0.5930493273542601 0.07207792207792207 0.045590433482810166 0.12337662337662338
