0 0.7708333333333334 0.77890625 0.14791666666666667 0.08281250000000001
0 0.5114583333333333 0.6941406250000001 0.15 0.055468750000000004
0 0.20104166666666667 0.9105468750000001 0.09583333333333333 0.07734375
0 0.034895833333333334 0.9226562500000001 0.06770833333333333 0.11093750000000001
0 0.03177083333333333 0.7859375000000001 0.06145833333333333 0.065625
0 0.033854166666666664 0.6980468750000001 0.065625 0.06171875
0 0.171875 0.693359375 0.12291666666666666 0.09921875000000001
0 0.2552083333333333 0.7894531250000001 0.11875 0.06171875
0 0.3578125 0.7671875 0.08229166666666667 0.053125000000000006
0 0.8671875 0.84375 0.078125 0.053125000000000006
0 0.2989583333333333 0.6292968750000001 0.12083333333333333 0.10078125
0 0.13020833333333334 0.521875 0.16875 0.1078125
0 0.030729166666666665 0.109375 0.059375 0.065625
0 0.5 0.017968750000000002 0.06666666666666667 0.034375
0 0.8536458333333333 0.16523437500000002 0.16979166666666667 0.12890625
0 0.615625 0.10546875 0.14375 0.09531250000000001
0 0.41354166666666664 0.217578125 0.21458333333333332 0.21015625000000002
0 0.20520833333333333 0.37617187500000004 0.32708333333333334 0.16953125000000002
0 0.4145833333333333 0.38320312500000003 0.125 0.10546875
0 0.4375 0.5078125 0.33958333333333335 0.15156250000000002
0 0.7703125 0.558203125 0.321875 0.28203125
0 0.746875 0.3453125 0.3770833333333333 0.17500000000000002
