0 0.24629629629629632 0.33784722222222224 0.4203703703703704 0.3923611111111111
0 0.7041666666666667 0.25381944444444443 0.23240740740740742 0.21875
0 0.9342592592592593 0.2638888888888889 0.08888888888888889 0.05416666666666667
0 0.9745370370370371 0.20451388888888888 0.04722222222222222 0.04513888888888889
0 0.5407407407407407 0.5201388888888889 0.45 0.7847222222222222
0 0.8217592592592593 0.803125 0.1398148148148148 0.05486111111111111
0 0.8435185185185186 0.953125 0.07592592592592592 0.08125
0 0.9828703703703704 0.9784722222222223 0.03425925925925926 0.03888888888888889
0 0.23425925925925928 0.8017361111111111 0.19814814814814816 0.09652777777777778
0 0.11064814814814815 0.909375 0.21944444444444444 0.14652777777777778
0 0.337037037037037 0.9770833333333334 0.17962962962962964 0.044444444444444446
