0 0.7857410881801126 0.5080040020010005 0.10656660412757973 0.09654827413706853
0 0.8264540337711069 0.44522261130565277 0.12270168855534709 0.11405702851425711
0 0.9290806754221388 0.2058529264632316 0.09681050656660413 0.18459229614807401
0 0.6206378986866792 0.13356678339169584 0.12082551594746717 0.10305152576288143
0 0.5816135084427767 0.8524262131065532 0.11031894934333959 0.10805402701350675
0 0.7142589118198874 0.7096048024012005 0.0874296435272045 0.08454227113556778
0 0.8191369606003752 0.6460730365182591 0.12457786116322701 0.12456228114057027
0 0.24333958724202626 0.8881940970485241 0.1302063789868668 0.14357178589294647
0 0.07598499061913697 0.25887943971985994 0.14221388367729831 0.09854927463731865
0 0.1855534709193246 0.2748874437218609 0.06416510318949344 0.03951975987993997
0 0.26097560975609757 0.2763881940970485 0.05966228893058161 0.06353176588294146
0 0.33433395872420263 0.256128064032016 0.07879924953095685 0.0850425212606303
0 0.39362101313320824 0.21660830415207602 0.1545966228893058 0.1410705352676338
0 0.48799249530956845 0.1985992996498249 0.04090056285178236 0.1470735367683842
0 0.5838649155722326 0.2261130565282641 0.14784240150093808 0.128064032016008
0 0.5855534709193245 0.3741870935467734 0.10393996247654784 0.11405702851425711
0 0.4718574108818011 0.4367183591795898 0.15647279549718573 0.1870935467733867
0 0.22551594746716697 0.42721360680340165 0.2731707317073171 0.15507753876938468
0 0.06641651031894934 0.5980490245122561 0.11632270168855535 0.17358679339669833
0 0.20712945590994372 0.6180590295147573 0.1425891181988743 0.16358179089544772
0 0.38405253283302065 0.8429214607303651 0.1076923076923077 0.24112056028014006
